1 3 65.6595
2 11 9 10 84.8214
15 5 53.441
12 4 13 64.7803
14 6 7 8 80.9572
3 2 68.8785
11 9 10 65.209
15 5 53.441
12 4 13 64.7803
14 6 7 8 80.9572
1 2 11 9 72.7849
10 15 5 12 75.973
4 13 14 68.7335
6 7 8 1 67.4842
3 11 9 10 110.805
15 5 53.441
12 4 13 64.7803
14 6 7 8 80.9572
1 3 65.6595
2 9 10 77.6638
15 5 53.441
12 4 13 64.7803
14 6 7 8 80.9572
1 3 65.6595
2 11 10 81.9053
15 5 53.441
12 4 13 64.7803
14 6 7 8 80.9572
1 3 65.6595
2 11 9 67.547
15 5 53.441
12 4 13 64.7803
14 6 7 8 80.9572
1 3 65.6595
2 11 9 10 5 84.8566
12 4 13 64.7803
14 6 7 8 80.9572
1 3 65.6595
2 11 9 10 84.8214
15 12 4 71.2363
13 14 6 69.2369
7 8 1 66.0097
3 2 68.8785
11 9 10 65.209
15 5 4 76.8996
13 14 6 69.2369
7 8 1 66.0097
3 2 68.8785
11 9 10 65.209
15 5 53.441
12 13 64.1428
14 6 7 8 80.9572
1 3 65.6595
2 11 9 10 84.8214
15 5 53.441
12 4 14 6 60.1782
7 8 1 66.0097
3 2 68.8785
11 9 10 65.209
15 5 53.441
12 4 13 64.7803
6 7 8 1 67.4842
3 2 68.8785
11 9 10 65.209
15 5 53.441
12 4 13 64.7803
14 7 8 1 79.2878
3 2 68.8785
11 9 10 65.209
15 5 53.441
12 4 13 64.7803
14 6 8 68.4569
1 3 65.6595
2 11 9 10 84.8214
15 5 53.441
12 4 13 64.7803
14 6 7 71.3185
EOF
