2	9999	132	1	9999	8500	
29149	4.091079	-73.581651	1	9	1	
29162	4.107789	-73.57192	1	18	1	
29157	4.101273	-73.531007	1	12	1	
29174	4.12208	-73.510273	1	157	1	
29130	4.066484	-73.498808	1	10	1	
29160	4.073578	-73.487362	1	816	1	
29074	3.97713	-73.591785	1	7	1	
29068	3.980877	-73.553096	1	50	1	
29055	3.948389	-73.614708	1	5	1	
29156	4.099702	-73.431586	1	20	1	
29044	3.927708	-73.557145	1	18	1	
29061	3.951584	-73.507587	1	87	1	
29155	4.094982	-73.405884	1	14	1	
29080	3.962602	-73.471033	1	1104	1	
28997	3.87481	-73.624296	1	68	1	
29154	4.086935	-73.370609	1	68	1	
29034	3.897173	-73.493642	1	133	1	
28996	3.869987	-73.560451	1	14	1	
28988	3.853288	-73.62554	1	209	1	
29080	3.954821	-73.405876	1	332	1	
28982	3.841379	-73.653328	1	22	1	
28981	3.841405	-73.661485	1	6	1	
27896	3.882266	-73.461464	1	5	1	
28973	3.830876	-73.629841	1	5	1	
29126	4.065348	-73.307429	1	12	1	
28905	3.768703	-73.589501	1	47	1	
29043	3.931621	-73.320257	1	9	1	
28888	3.756767	-73.554049	1	32	1	
28908	3.761777	-73.509341	1	130	1	
28990	3.911518	-73.3071	1	16	1	
28882	3.756683	-73.475137	1	14	1	
28876	3.739217	-73.486561	1	127	1	
29040	3.940629	-73.257483	1	192	1	
29042	3.909582	-73.257079	1	279	1	
28994	3.868774	-73.235375	1	6	1	
25027	3.724598	-73.351556	1	14	1	
28817	3.713323	-73.331861	1	37	1	
28815	3.712039	-73.300619	1	14	1	
28887	3.742989	-73.186541	1	51	1	
28627	3.474684	-73.807927	1	525	1	
28601	3.441776	-73.736503	1	8	1	
28574	3.421595	-73.742195	1	26	1	
28614	3.419312	-73.770447	1	238	1	
28580	3.402252	-73.725955	1	1	1	
28614	3.428489	-73.849881	1	13	1	
28530	3.478978	-73.971551	1	7	1	
28567	3.399889	-73.514602	1	92	1	
28580	3.389638	-73.673633	1	269	1	
28577	3.389703	-73.741692	1	37	1	
28564	3.384431	-73.721696	1	20	1	
28551	3.374285	-73.616349	1	35	1	
28552	3.379053	-73.72491	1	6	1	
28553	3.374781	-73.696007	1	61	1	
28524	3.33113	-73.55418	1	52	1	
28518	3.327771	-73.572812	1	40	1	
28515	3.327794	-73.518846	1	10	1	
28521	3.317776	-73.582786	1	256	1	
28505	3.319944	-73.51104	1	22	1	
28476	3.302942	-73.610137	1	6	1	
28481	3.299102	-73.593424	1	0	1	
28480	3.287935	-73.614886	1	19	1	
28481	3.284302	-73.601019	1	94	1	
28473	3.279528	-73.578441	1	1	1	
28473	3.278087	-73.582276	1	17	1	
27417	3.273274	-73.605763	1	5	1	
26606	3.271787	-73.562827	1	5	1	
28448	3.214506	-73.866417	1	23	1	
28448	3.211284	-73.865547	1	0	1	
28433	3.196281	-73.804704	1	9	1	
28441	3.207481	-73.867664	1	6	1	
28431	3.188575	-73.815613	1	22	1	
28443	3.18563	-73.851828	1	142	1	
28487	3.305463	-73.108597	1	7	1	
23016	3.166675	-73.803393	1	14	1	
28456	3.228656	-73.150117	1	16	1	
28462	3.241271	-73.126016	1	7	1	
27883	3.119226	-73.761171	1	14	1	
28450	3.217404	-73.160972	1	11	1	
28453	3.227675	-73.124963	1	21	1	
28413	3.104599	-73.747712	1	8	1	
28452	3.222456	-73.114822	1	11	1	
28416	3.101458	-73.796824	1	300	1	
28434	3.198179	-73.14971	1	6	1	
28447	3.211422	-73.118144	1	7	1	
28449	3.217023	-73.103765	1	5	1	
28432	3.192434	-73.140269	1	10	1	
28445	3.206856	-73.112626	1	16	1	
28435	3.19733	-73.117296	1	5	1	
28438	3.191454	-73.126024	1	40	1	
28411	3.079679	-73.813181	1	238	1	
28464	3.232885	-73.020239	1	71	1	
28430	3.176257	-73.107973	1	33	1	
28412	3.047335	-73.710197	1	205	1	
28457	3.231365	-73.002645	1	28	1	
28428	3.215638	-73.021378	1	10	1	
28427	3.169446	-73.09411	1	39	1	
28410	3.054329	-73.379636	1	17	1	
28466	3.246597	-72.964292	1	5	1	
28444	3.210863	-73.014194	1	8	1	
28409	3.026031	-73.679051	1	9	1	
28408	3.025155	-73.66017	1	14	1	
28425	3.165858	-73.075161	1	8	1	
28446	3.213629	-72.998845	1	4	1	
28401	3.016815	-73.666926	1	24	1	
28403	3.015921	-73.694091	1	32	1	
28458	3.227878	-72.967456	1	29	1	
28451	3.214518	-72.986134	1	24	1	
28420	3.152562	-73.080104	1	5	1	
28467	3.244696	-72.937828	1	38	1	
28461	3.231298	-72.953104	1	20	1	
28459	3.236688	-72.944584	1	6	1	
28400	3.007919	-73.70877	1	30	1	
28418	3.145929	-73.078168	1	6	1	
28407	3.003525	-73.679733	1	74	1	
28422	3.152276	-73.04731	1	35	1	
28440	3.190506	-72.984674	1	29	1	
28469	3.247871	-72.901756	1	25	1	
28429	3.21536	-72.942147	1	6	1	
28421	3.151516	-73.036894	1	9	1	
28405	3.131646	-73.068126	1	11	1	
28399	2.985896	-73.683212	1	5	1	
28419	3.143343	-73.0325	1	31	1	
28398	2.976367	-73.66942	1	7	1	
28423	3.153982	-73.008367	1	11	1	
28424	3.159864	-72.998048	1	11	1	
28417	3.141412	-73.026934	1	15	1	
28414	3.122674	-73.052163	1	21	1	
28442	3.207416	-72.923059	1	11	1	
28402	3.116594	-73.048589	1	11	1	
28404	3.132771	-73.019923	1	9	1	
28415	3.132271	-73.005569	1	5	1	
28439	3.195995	-72.909752	1	15	1	
88	4.12386	-73.6246	1	2758	1	
						