2	9999	400	1	1200	900
1	30.0000	0.0000	0	10	1
2	29.6306	4.6930	0	30	1
3	28.5317	9.2705	0	30	1
4	26.7302	13.6197	0	10	1
5	24.2705	17.6336	0	10	1
6	21.2132	21.2132	0	30	1
7	17.6336	24.2705	0	30	1
8	13.6197	26.7302	0	10	1
9	9.2705	28.5317	0	10	1
10	4.6930	29.6306	0	30	1
11	0.0000	30.0000	0	30	1
12	-4.6930	29.6306	0	10	1
13	-9.2705	28.5317	0	10	1
14	-13.6197	26.7302	0	30	1
15	-17.6336	24.2705	0	30	1
16	-21.2132	21.2132	0	10	1
17	-24.2705	17.6336	0	10	1
18	-26.7302	13.6197	0	30	1
19	-28.5317	9.2705	0	30	1
20	-29.6307	4.6930	0	10	1
21	-30.0000	0.0000	0	10	1
22	-29.6306	-4.6930	0	30	1
23	-28.5317	-9.2705	0	30	1
24	-26.7302	-13.6197	0	10	1
25	-24.2705	-17.6336	0	10	1
26	-21.2132	-21.2132	0	30	1
27	-17.6336	-24.2705	0	30	1
28	-13.6197	-26.7302	0	10	1
29	-9.2705	-28.5317	0	10	1
30	-4.6930	-29.6307	0	30	1
31	0.0000	-30.0000	0	30	1
32	4.6930	-29.6306	0	10	1
33	9.2705	-28.5317	0	10	1
34	13.6197	-26.7302	0	30	1
35	17.6336	-24.2705	0	30	1
36	21.2132	-21.2132	0	10	1
37	24.2705	-17.6336	0	10	1
38	26.7302	-13.6197	0	30	1
39	28.5317	-9.2705	0	30	1
40	29.6307	-4.6930	0	10	1
41	60.0000	0.0000	0	10	1
42	59.2613	9.3861	0	30	1
43	57.0634	18.5410	0	30	1
44	53.4604	27.2394	0	10	1
45	48.5410	35.2671	0	10	1
46	42.4264	42.4264	0	30	1
47	35.2671	48.5410	0	30	1
48	27.2394	53.4604	0	10	1
49	18.5410	57.0634	0	10	1
50	9.3861	59.2613	0	30	1
51	0.0000	60.0000	0	30	1
52	-9.3861	59.2613	0	10	1
53	-18.5410	57.0634	0	10	1
54	-27.2394	53.4604	0	30	1
55	-35.2671	48.5410	0	30	1
56	-42.4264	42.4264	0	10	1
57	-48.5410	35.2671	0	10	1
58	-53.4604	27.2394	0	30	1
59	-57.0634	18.5410	0	30	1
60	-59.2613	9.3861	0	10	1
61	-60.0000	0.0000	0	10	1
62	-59.2613	-9.3861	0	30	1
63	-57.0634	-18.5410	0	30	1
64	-53.4604	-27.2394	0	10	1
65	-48.5410	-35.2671	0	10	1
66	-42.4264	-42.4264	0	30	1
67	-35.2671	-48.5410	0	30	1
68	-27.2394	-53.4604	0	10	1
69	-18.5410	-57.0634	0	10	1
70	-9.3861	-59.2613	0	30	1
71	0.0000	-60.0000	0	30	1
72	9.3861	-59.2613	0	10	1
73	18.5410	-57.0634	0	10	1
74	27.2394	-53.4604	0	30	1
75	35.2671	-48.5410	0	30	1
76	42.4264	-42.4264	0	10	1
77	48.5410	-35.2671	0	10	1
78	53.4604	-27.2394	0	30	1
79	57.0634	-18.5410	0	30	1
80	59.2613	-9.3861	0	10	1
81	90.0000	0.0000	0	10	1
82	88.8920	14.0791	0	30	1
83	85.5951	27.8115	0	30	1
84	80.1906	40.8591	0	10	1
85	72.8115	52.9007	0	10	1
86	63.6396	63.6396	0	30	1
87	52.9007	72.8115	0	30	1
88	40.8591	80.1906	0	10	1
89	27.8115	85.5951	0	10	1
90	14.0791	88.8920	0	30	1
91	0.0000	90.0000	0	30	1
92	-14.0791	88.8920	0	10	1
93	-27.8115	85.5951	0	10	1
94	-40.8591	80.1906	0	30	1
95	-52.9007	72.8115	0	30	1
96	-63.6396	63.6396	0	10	1
97	-72.8115	52.9007	0	10	1
98	-80.1906	40.8591	0	30	1
99	-85.5951	27.8115	0	30	1
100	-88.8920	14.0791	0	10	1
101	-90.0000	0.0000	0	10	1
102	-88.8920	-14.0791	0	30	1
103	-85.5951	-27.8115	0	30	1
104	-80.1906	-40.8592	0	10	1
105	-72.8115	-52.9007	0	10	1
106	-63.6396	-63.6396	0	30	1
107	-52.9007	-72.8115	0	30	1
108	-40.8591	-80.1906	0	10	1
109	-27.8115	-85.5951	0	10	1
110	-14.0791	-88.8920	0	30	1
111	0.0000	-90.0000	0	30	1
112	14.0791	-88.8920	0	10	1
113	27.8115	-85.5951	0	10	1
114	40.8592	-80.1906	0	30	1
115	52.9007	-72.8115	0	30	1
116	63.6396	-63.6396	0	10	1
117	72.8115	-52.9007	0	10	1
118	80.1906	-40.8591	0	30	1
119	85.5951	-27.8115	0	30	1
120	88.8920	-14.0791	0	10	1
121	120.0000	0.0000	0	10	1
122	118.5226	18.7721	0	30	1
123	114.1268	37.0820	0	30	1
124	106.9208	54.4789	0	10	1
125	97.0820	70.5342	0	10	1
126	84.8528	84.8528	0	30	1
127	70.5342	97.0820	0	30	1
128	54.4789	106.9208	0	10	1
129	37.0820	114.1268	0	10	1
130	18.7721	118.5226	0	30	1
131	0.0000	120.0000	0	30	1
132	-18.7721	118.5226	0	10	1
133	-37.0820	114.1268	0	10	1
134	-54.4789	106.9208	0	30	1
135	-70.5342	97.0820	0	30	1
136	-84.8528	84.8528	0	10	1
137	-97.0820	70.5342	0	10	1
138	-106.9208	54.4789	0	30	1
139	-114.1268	37.0820	0	30	1
140	-118.5226	18.7721	0	10	1
141	-120.0000	0.0000	0	10	1
142	-118.5226	-18.7721	0	30	1
143	-114.1268	-37.0821	0	30	1
144	-106.9208	-54.4789	0	10	1
145	-97.0820	-70.5342	0	10	1
146	-84.8528	-84.8528	0	30	1
147	-70.5342	-97.0820	0	30	1
148	-54.4788	-106.9208	0	10	1
149	-37.0820	-114.1268	0	10	1
150	-18.7721	-118.5226	0	30	1
151	0.0000	-120.0000	0	30	1
152	18.7722	-118.5226	0	10	1
153	37.0821	-114.1268	0	10	1
154	54.4789	-106.9208	0	30	1
155	70.5342	-97.0820	0	30	1
156	84.8528	-84.8528	0	10	1
157	97.0821	-70.5342	0	10	1
158	106.9208	-54.4788	0	30	1
159	114.1268	-37.0820	0	30	1
160	118.5226	-18.7721	0	10	1
161	150.0000	0.0000	0	10	1
162	148.1532	23.4652	0	30	1
163	142.6585	46.3526	0	30	1
164	133.6510	68.0986	0	10	1
165	121.3525	88.1678	0	10	1
166	106.0660	106.0660	0	30	1
167	88.1678	121.3526	0	30	1
168	68.0986	133.6510	0	10	1
169	46.3525	142.6585	0	10	1
170	23.4652	148.1533	0	30	1
171	0.0000	150.0000	0	30	1
172	-23.4652	148.1532	0	10	1
173	-46.3526	142.6585	0	10	1
174	-68.0986	133.6510	0	30	1
175	-88.1678	121.3525	0	30	1
176	-106.0660	106.0660	0	10	1
177	-121.3526	88.1678	0	10	1
178	-133.6510	68.0986	0	30	1
179	-142.6585	46.3525	0	30	1
180	-148.1533	23.4652	0	10	1
181	-150.0000	0.0000	0	10	1
182	-148.1532	-23.4652	0	30	1
183	-142.6585	-46.3526	0	30	1
184	-133.6510	-68.0986	0	10	1
185	-121.3525	-88.1678	0	10	1
186	-106.0660	-106.0660	0	30	1
187	-88.1678	-121.3526	0	30	1
188	-68.0986	-133.6510	0	10	1
189	-46.3525	-142.6585	0	10	1
190	-23.4652	-148.1533	0	30	1
191	0.0000	-150.0000	0	30	1
192	23.4652	-148.1532	0	10	1
193	46.3526	-142.6585	0	10	1
194	68.0986	-133.6510	0	30	1
195	88.1678	-121.3525	0	30	1
196	106.0660	-106.0660	0	10	1
197	121.3526	-88.1678	0	10	1
198	133.6510	-68.0986	0	30	1
199	142.6585	-46.3525	0	30	1
200	148.1533	-23.4651	0	10	1
201	180.0000	0.0000	0	10	1
202	177.7839	28.1582	0	30	1
203	171.1902	55.6231	0	30	1
204	160.3812	81.7183	0	10	1
205	145.6231	105.8013	0	10	1
206	127.2792	127.2792	0	30	1
207	105.8013	145.6231	0	30	1
208	81.7183	160.3812	0	10	1
209	55.6231	171.1902	0	10	1
210	28.1582	177.7839	0	30	1
211	0.0000	180.0000	0	30	1
212	-28.1582	177.7839	0	10	1
213	-55.6231	171.1902	0	10	1
214	-81.7183	160.3812	0	30	1
215	-105.8014	145.6230	0	30	1
216	-127.2792	127.2792	0	10	1
217	-145.6231	105.8013	0	10	1
218	-160.3812	81.7183	0	30	1
219	-171.1902	55.6230	0	30	1
220	-177.7839	28.1582	0	10	1
221	-180.0000	0.0000	0	10	1
222	-177.7839	-28.1582	0	30	1
223	-171.1902	-55.6231	0	30	1
224	-160.3812	-81.7183	0	10	1
225	-145.6230	-105.8014	0	10	1
226	-127.2792	-127.2792	0	30	1
227	-105.8013	-145.6231	0	30	1
228	-81.7183	-160.3812	0	10	1
229	-55.6230	-171.1902	0	10	1
230	-28.1582	-177.7839	0	30	1
231	0.0000	-180.0000	0	30	1
232	28.1582	-177.7839	0	10	1
233	55.6231	-171.1902	0	10	1
234	81.7183	-160.3812	0	30	1
235	105.8014	-145.6230	0	30	1
236	127.2792	-127.2792	0	10	1
237	145.6231	-105.8013	0	10	1
238	160.3812	-81.7183	0	30	1
239	171.1902	-55.6230	0	30	1
240	177.7839	-28.1582	0	10	1
241	210.0000	0.0000	0	10	1
242	207.4146	32.8512	0	30	1
243	199.7219	64.8936	0	30	1
244	187.1114	95.3380	0	10	1
245	169.8936	123.4349	0	10	1
246	148.4924	148.4924	0	30	1
247	123.4349	169.8936	0	30	1
248	95.3380	187.1114	0	10	1
249	64.8936	199.7219	0	10	1
250	32.8512	207.4146	0	30	1
251	0.0000	210.0000	0	30	1
252	-32.8512	207.4146	0	10	1
253	-64.8936	199.7219	0	10	1
254	-95.3380	187.1114	0	30	1
255	-123.4349	169.8936	0	30	1
256	-148.4924	148.4924	0	10	1
257	-169.8936	123.4349	0	10	1
258	-187.1114	95.3380	0	30	1
259	-199.7219	64.8936	0	30	1
260	-207.4146	32.8512	0	10	1
261	-210.0000	0.0000	0	10	1
262	-207.4146	-32.8513	0	30	1
263	-199.7219	-64.8936	0	30	1
264	-187.1114	-95.3380	0	10	1
265	-169.8936	-123.4349	0	10	1
266	-148.4924	-148.4924	0	30	1
267	-123.4349	-169.8936	0	30	1
268	-95.3380	-187.1114	0	10	1
269	-64.8935	-199.7219	0	10	1
270	-32.8512	-207.4146	0	30	1
271	0.0000	-210.0000	0	30	1
272	32.8513	-207.4146	0	10	1
273	64.8936	-199.7219	0	10	1
274	95.3380	-187.1114	0	30	1
275	123.4349	-169.8936	0	30	1
276	148.4924	-148.4924	0	10	1
277	169.8936	-123.4349	0	10	1
278	187.1114	-95.3380	0	30	1
279	199.7219	-64.8935	0	30	1
280	207.4146	-32.8512	0	10	1
281	240.0000	0.0000	0	10	1
282	237.0452	37.5443	0	30	1
283	228.2536	74.1641	0	30	1
284	213.8416	108.9577	0	10	1
285	194.1641	141.0685	0	10	1
286	169.7056	169.7056	0	30	1
287	141.0685	194.1641	0	30	1
288	108.9577	213.8416	0	10	1
289	74.1641	228.2536	0	10	1
290	37.5443	237.0452	0	30	1
291	0.0000	240.0000	0	30	1
292	-37.5443	237.0452	0	10	1
293	-74.1641	228.2536	0	10	1
294	-108.9577	213.8416	0	30	1
295	-141.0685	194.1641	0	30	1
296	-169.7056	169.7056	0	10	1
297	-194.1641	141.0685	0	10	1
298	-213.8416	108.9577	0	30	1
299	-228.2536	74.1641	0	30	1
300	-237.0452	37.5443	0	10	1
301	-240.0000	0.0000	0	10	1
302	-237.0452	-37.5443	0	30	1
303	-228.2536	-74.1641	0	30	1
304	-213.8416	-108.9577	0	10	1
305	-194.1641	-141.0685	0	10	1
306	-169.7056	-169.7056	0	30	1
307	-141.0684	-194.1641	0	30	1
308	-108.9577	-213.8416	0	10	1
309	-74.1640	-228.2536	0	10	1
310	-37.5442	-237.0452	0	30	1
311	0.0000	-240.0000	0	30	1
312	37.5443	-237.0452	0	10	1
313	74.1641	-228.2536	0	10	1
314	108.9577	-213.8416	0	30	1
315	141.0685	-194.1641	0	30	1
316	169.7057	-169.7056	0	10	1
317	194.1641	-141.0684	0	10	1
318	213.8416	-108.9577	0	30	1
319	228.2536	-74.1640	0	30	1
320	237.0452	-37.5442	0	10	1
321	270.0000	0.0000	0	10	1
322	266.6758	42.2373	0	30	1
323	256.7852	83.4346	0	30	1
324	240.5718	122.5774	0	10	1
325	218.4346	158.7020	0	10	1
326	190.9188	190.9188	0	30	1
327	158.7020	218.4346	0	30	1
328	122.5774	240.5718	0	10	1
329	83.4346	256.7852	0	10	1
330	42.2373	266.6758	0	30	1
331	0.0000	270.0000	0	30	1
332	-42.2373	266.6758	0	10	1
333	-83.4346	256.7852	0	10	1
334	-122.5774	240.5718	0	30	1
335	-158.7020	218.4346	0	30	1
336	-190.9188	190.9188	0	10	1
337	-218.4346	158.7020	0	10	1
338	-240.5718	122.5774	0	30	1
339	-256.7853	83.4346	0	30	1
340	-266.6758	42.2373	0	10	1
341	-270.0000	0.0000	0	10	1
342	-266.6758	-42.2373	0	30	1
343	-256.7852	-83.4346	0	30	1
344	-240.5717	-122.5775	0	10	1
345	-218.4346	-158.7020	0	10	1
346	-190.9188	-190.9189	0	30	1
347	-158.7020	-218.4346	0	30	1
348	-122.5774	-240.5718	0	10	1
349	-83.4346	-256.7853	0	10	1
350	-42.2373	-266.6758	0	30	1
351	0.0000	-270.0000	0	30	1
352	42.2373	-266.6758	0	10	1
353	83.4346	-256.7852	0	10	1
354	122.5775	-240.5717	0	30	1
355	158.7021	-218.4346	0	30	1
356	190.9189	-190.9188	0	10	1
357	218.4346	-158.7020	0	10	1
358	240.5718	-122.5774	0	30	1
359	256.7853	-83.4345	0	30	1
360	266.6759	-42.2373	0	10	1
361	300.0000	0.0000	0	10	1
362	296.3065	46.9303	0	30	1
363	285.3170	92.7051	0	30	1
364	267.3019	136.1972	0	10	1
365	242.7051	176.3356	0	10	1
366	212.1320	212.1320	0	30	1
367	176.3356	242.7051	0	30	1
368	136.1971	267.3020	0	10	1
369	92.7051	285.3170	0	10	1
370	46.9303	296.3065	0	30	1
371	0.0000	300.0000	0	30	1
372	-46.9304	296.3065	0	10	1
373	-92.7051	285.3170	0	10	1
374	-136.1972	267.3019	0	30	1
375	-176.3356	242.7051	0	30	1
376	-212.1320	212.1320	0	10	1
377	-242.7051	176.3356	0	10	1
378	-267.3020	136.1971	0	30	1
379	-285.3170	92.7051	0	30	1
380	-296.3065	46.9303	0	10	1
381	-300.0000	0.0000	0	10	1
382	-296.3065	-46.9304	0	30	1
383	-285.3170	-92.7051	0	30	1
384	-267.3019	-136.1972	0	10	1
385	-242.7051	-176.3356	0	10	1
386	-212.1320	-212.1321	0	30	1
387	-176.3355	-242.7051	0	30	1
388	-136.1971	-267.3020	0	10	1
389	-92.7051	-285.3170	0	10	1
390	-46.9303	-296.3065	0	30	1
391	0.0000	-300.0000	0	30	1
392	46.9304	-296.3065	0	10	1
393	92.7051	-285.3170	0	10	1
394	136.1972	-267.3019	0	30	1
395	176.3356	-242.7051	0	30	1
396	212.1321	-212.1320	0	10	1
397	242.7051	-176.3355	0	10	1
398	267.3020	-136.1971	0	30	1
399	285.3170	-92.7050	0	30	1
400	296.3065	-46.9303	0	10	1
1	0.0000	0.0000	0	9999	1